name: camera_env
channels:
  - conda-forge
  - defaults
dependencies:
  - blas=1.0=mkl
  - bzip2=1.0.8=h2bbff1b_6
  - ca-certificates=2024.7.4=h56e8100_0
  - eigen=3.4.0=h59b6b97_0
  - expat=2.6.2=hd77b12b_0
  - ffmpeg=4.2.2=he774522_0
  - freetype=2.12.1=ha860e81_0
  - giflib=5.2.1=h8cc25b3_3
  - glib=2.78.4=hd77b12b_0
  - glib-tools=2.78.4=hd77b12b_0
  - gst-plugins-base=1.18.5=h9e645db_0
  - gstreamer=1.18.5=hd78058f_0
  - hdf5=1.12.1=h51c971a_3
  - icc_rt=2022.1.0=h6049295_2
  - icu=58.2=ha925a31_3
  - intel-openmp=2023.1.0=h59b6b97_46320
  - jpeg=9e=h2bbff1b_1
  - krb5=1.20.1=h5b6d351_0
  - lerc=3.0=hd77b12b_0
  - libclang=14.0.6=default_hb5a9fac_1
  - libclang13=14.0.6=default_h8e68704_1
  - libdeflate=1.17=h2bbff1b_1
  - libffi=3.4.4=hd77b12b_1
  - libglib=2.78.4=ha17d25a_0
  - libiconv=1.16=h2bbff1b_3
  - libogg=1.3.5=h2bbff1b_1
  - libpng=1.6.39=h8cc25b3_0
  - libpq=12.17=h906ac69_0
  - libprotobuf=3.20.3=h23ce68f_0
  - libtiff=4.5.1=hd77b12b_0
  - libvorbis=1.3.7=he774522_0
  - libwebp=1.3.2=hbc33d0d_0
  - libwebp-base=1.3.2=h2bbff1b_0
  - libxml2=2.10.4=h0ad7f3c_2
  - libxslt=1.1.37=h2bbff1b_1
  - lz4-c=1.9.4=h2bbff1b_1
  - mkl=2023.1.0=h6b88ed4_46358
  - mkl-service=2.4.0=py312h2bbff1b_1
  - mkl_fft=1.3.8=py312h2bbff1b_0
  - mkl_random=1.2.4=py312h59b6b97_0
  - numpy=1.26.4=py312hfd52020_0
  - numpy-base=1.26.4=py312h4dde369_0
  - opencv=4.6.0=py312h14b9924_5
  - openssl=3.3.1=h2466b09_1
  - pcre2=10.42=h0ff8eda_1
  - pip=24.0=py312haa95532_0
  - python=3.12.4=h14ffc60_1
  - qt-main=5.15.2=h879a1e9_9
  - qt-webengine=5.15.9=h5bd16bc_7
  - qtwebkit=5.212=h2bbfb41_5
  - setuptools=69.5.1=py312haa95532_0
  - sqlite=3.45.3=h2bbff1b_0
  - tbb=2021.8.0=h59b6b97_0
  - tk=8.6.14=h0416ee5_0
  - tzdata=2024a=h04d1e81_0
  - ucrt=10.0.22621.0=h57928b3_0
  - vc=14.2=h2eaa2aa_4
  - vc14_runtime=14.40.33810=ha82c5b3_20
  - vs2015_runtime=14.40.33810=h3bf8584_20
  - wheel=0.43.0=py312haa95532_0
  - xz=5.4.6=h8cc25b3_1
  - zlib=1.2.13=h8cc25b3_1
  - zstd=1.5.5=hd43e919_2
  - pip:
      - opencv-python==4.10.0.84
      - pillow==10.4.0
prefix: C:\Anaconda\envs\camera_env
